0,353
0,36
1,410
1,536
2,127
2,157
3,240
3,161
4,560
4,501
5,666
5,453
6,19
6,511
7,644
7,666
8,119
8,161
9,302
9,410
10,212
10,127
11,511
11,251
12,224
12,431
13,649
13,212
14,157
14,84
15,177
15,119
16,658
16,685
17,560
17,703
18,531
18,574
19,119
19,157
20,100
20,127
21,610
21,57
22,187
22,647
23,73
23,429
24,138
24,306
25,496
25,119
26,251
26,410
27,146
27,630
28,647
28,302
29,73
29,307
30,93
30,555
31,302
31,161
32,243
32,161
33,647
33,709
34,531
34,638
35,240
35,223
36,240
36,601
37,115
37,624
38,453
38,555
39,18
39,302
40,289
40,640
41,118
41,127
42,649
42,302
43,240
43,612
44,615
44,344
45,167
45,87
46,127
46,453
47,574
47,561
48,161
48,676
49,161
49,453
100,453
100,157
101,127
101,161
102,601
102,647
103,212
103,51
104,647
104,161
105,127
105,453
106,453
106,519
107,127
107,212
108,115
108,179
109,107
109,616
110,612
110,630
111,703
111,257
112,183
112,18
113,18
113,26
114,439
114,119
115,127
115,161
116,519
116,531
117,555
117,339
118,457
118,677
119,555
119,536
120,647
120,284
121,88
121,92
122,519
122,18
123,106
123,115
124,265
124,259
125,183
125,704
126,531
126,704
127,704
127,161
128,240
128,561
129,453
129,560
130,649
130,243
131,161
131,257
132,183
132,177
133,601
133,644
134,211
134,212
135,18
135,410
136,100
136,537
137,212
137,240
138,157
138,531
139,647
139,127
140,647
140,127
141,212
141,624
142,200
142,251
143,704
143,251
144,240
144,560
145,552
145,593
146,19
146,212
147,410
147,302
148,647
148,594
149,302
149,100
150,647
150,284
151,580
151,630
152,587
152,18
153,93
153,593
154,593
154,601
155,83
155,411
156,519
156,531
157,647
157,703
158,302
158,560
159,212
159,536
160,100
160,127
161,647
161,119
162,157
162,410
163,704
163,18
164,676
164,685
165,566
165,83
166,514
166,17
167,410
167,289
168,555
168,240
169,257
169,531
170,704
170,284
171,612
171,630
172,704
172,127
173,634
173,622
174,119
174,243
175,161
175,531
176,496
176,83
177,537
177,580
178,127
178,26
179,638
179,568
180,410
180,268
181,240
181,161
182,560
182,410
183,560
183,302
184,587
184,18
185,685
185,187
186,302
186,703
187,224
187,580
188,647
188,18
189,536
189,16
190,647
190,634
191,560
191,725
192,520
192,601
193,385
193,560
194,127
194,431
195,157
195,704
196,119
196,240
197,560
197,52
198,703
198,704
199,127
199,704
200,486
200,521
201,32
201,64
202,75
202,3
203,18
203,26
204,689
204,47
205,77
205,604
206,60
206,65
207,181
207,44
208,92
208,614
209,26
209,316
210,161
210,26
211,157
211,16
212,177
212,420
213,127
213,161
214,240
214,601
215,152
215,405
216,704
216,560
217,161
217,302
218,212
218,647
219,59
219,171
220,187
220,127
221,238
221,243
222,411
222,623
223,89
223,65
224,80
224,524
225,127
225,485
226,161
226,212
227,305
227,240
228,601
228,676
229,73
229,60
230,38
230,289
231,19
231,93
232,486
232,524
233,676
233,157
234,93
234,224
235,704
235,410
236,161
236,302
237,601
237,647
238,157
238,725
239,38
239,704
240,164
240,432
241,161
241,555
242,704
242,431
243,519
243,531
244,647
244,343
245,453
245,410
246,531
246,555
247,19
247,640
248,240
248,157
249,647
249,410
1000, 1353
1000, 1036
1001, 1410
1001, 1536
1002, 1127
1002, 1157
1003, 1240
1003, 1161
1004, 1560
1004, 1501
1005, 1666
1005, 1453
1006, 1019
1006, 1511
1007, 1644
1007, 1666
1008, 1119
1008, 1161
1009, 1302
1009, 1410
1010, 1212
1010, 1127
1011, 1511
1011, 1251
1012, 1224
1012, 1431
1013, 1649
1013, 1212
1014, 1157
1014, 1084
1015, 1177
1015, 1119
1016, 1658
1016, 1685
1017, 1560
1017, 1703
1018, 1531
1018, 1574
1019, 1119
1019, 1157
1020, 1100
1020, 1127
1021, 1610
1021, 1057
1022, 1187
1022, 1647
1023, 1073
1023, 1429
1024, 1138
1024, 1306
1025, 1496
1025, 1119
1026, 1251
1026, 1410
1027, 1146
1027, 1630
1028, 1647
1028, 1302
1029, 1073
1029, 1307
1030, 1093
1030, 1555
1031, 1302
1031, 1161
1032, 1243
1032, 1161
1033, 1647
1033, 1709
1034, 1531
1034, 1638
1035, 1240
1035, 1223
1036, 1240
1036, 1601
1037, 1115
1037, 1624
1038, 1453
1038, 1555
1039, 1018
1039, 1302
1040, 1289
1040, 1640
1041, 1118
1041, 1127
1042, 1649
1042, 1302
1043, 1240
1043, 1612
1044, 1615
1044, 1344
1045, 1167
1045, 1087
1046, 1127
1046, 1453
1047, 1574
1047, 1561
1048, 1161
1048, 1676
1049, 1161
1049, 1453
1100, 1453
1100, 1157
1101, 1127
1101, 1161
1102, 1601
1102, 1647
1103, 1212
1103, 1051
1104, 1647
1104, 1161
1105, 1127
1105, 1453
1106, 1453
1106, 1519
1107, 1127
1107, 1212
1108, 1115
1108, 1179
1109, 1107
1109, 1616
1110, 1612
1110, 1630
1111, 1703
1111, 1257
1112, 1183
1112, 1018
1113, 1018
1113, 1026
1114, 1439
1114, 1119
1115, 1127
1115, 1161
1116, 1519
1116, 1531
1117, 1555
1117, 1339
1118, 1457
1118, 1677
1119, 1555
1119, 1536
1120, 1647
1120, 1284
1121, 1088
1121, 1092
1122, 1519
1122, 1018
1123, 1106
1123, 1115
1124, 1265
1124, 1259
1125, 1183
1125, 1704
1126, 1531
1126, 1704
1127, 1704
1127, 1161
1128, 1240
1128, 1561
1129, 1453
1129, 1560
1130, 1649
1130, 1243
1131, 1161
1131, 1257
1132, 1183
1132, 1177
1133, 1601
1133, 1644
1134, 1211
1134, 1212
1135, 1018
1135, 1410
1136, 1100
1136, 1537
1137, 1212
1137, 1240
1138, 1157
1138, 1531
1139, 1647
1139, 1127
1140, 1647
1140, 1127
1141, 1212
1141, 1624
1142, 1200
1142, 1251
1143, 1704
1143, 1251
1144, 1240
1144, 1560
1145, 1552
1145, 1593
1146, 1019
1146, 1212
1147, 1410
1147, 1302
1148, 1647
1148, 1594
1149, 1302
1149, 1100
1150, 1647
1150, 1284
1151, 1580
1151, 1630
1152, 1587
1152, 1018
1153, 1093
1153, 1593
1154, 1593
1154, 1601
1155, 1083
1155, 1411
1156, 1519
1156, 1531
1157, 1647
1157, 1703
1158, 1302
1158, 1560
1159, 1212
1159, 1536
1160, 1100
1160, 1127
1161, 1647
1161, 1119
1162, 1157
1162, 1410
1163, 1704
1163, 1018
1164, 1676
1164, 1685
1165, 1566
1165, 1083
1166, 1514
1166, 1017
1167, 1410
1167, 1289
1168, 1555
1168, 1240
1169, 1257
1169, 1531
1170, 1704
1170, 1284
1171, 1612
1171, 1630
1172, 1704
1172, 1127
1173, 1634
1173, 1622
1174, 1119
1174, 1243
1175, 1161
1175, 1531
1176, 1496
1176, 1083
1177, 1537
1177, 1580
1178, 1127
1178, 1026
1179, 1638
1179, 1568
1180, 1410
1180, 1268
1181, 1240
1181, 1161
1182, 1560
1182, 1410
1183, 1560
1183, 1302
1184, 1587
1184, 1018
1185, 1685
1185, 1187
1186, 1302
1186, 1703
1187, 1224
1187, 1580
1188, 1647
1188, 1018
1189, 1536
1189, 1016
1190, 1647
1190, 1634
1191, 1560
1191, 1725
1192, 1520
1192, 1601
1193, 1385
1193, 1560
1194, 1127
1194, 1431
1195, 1157
1195, 1704
1196, 1119
1196, 1240
1197, 1560
1197, 1052
1198, 1703
1198, 1704
1199, 1127
1199, 1704
1200, 1486
1200, 1521
1201, 1032
1201, 1064
1202, 1075
1202, 1003
1203, 1018
1203, 1026
1204, 1689
1204, 1047
1205, 1077
1205, 1604
1206, 1060
1206, 1065
1207, 1181
1207, 1044
1208, 1092
1208, 1614
1209, 1026
1209, 1316
1210, 1161
1210, 1026
1211, 1157
1211, 1016
1212, 1177
1212, 1420
1213, 1127
1213, 1161
1214, 1240
1214, 1601
1215, 1152
1215, 1405
1216, 1704
1216, 1560
1217, 1161
1217, 1302
1218, 1212
1218, 1647
1219, 1059
1219, 1171
1220, 1187
1220, 1127
1221, 1238
1221, 1243
1222, 1411
1222, 1623
1223, 1089
1223, 1065
1224, 1080
1224, 1524
1225, 1127
1225, 1485
1226, 1161
1226, 1212
1227, 1305
1227, 1240
1228, 1601
1228, 1676
1229, 1073
1229, 1060
1230, 1038
1230, 1289
1231, 1019
1231, 1093
1232, 1486
1232, 1524
1233, 1676
1233, 1157
1234, 1093
1234, 1224
1235, 1704
1235, 1410
1236, 1161
1236, 1302
1237, 1601
1237, 1647
1238, 1157
1238, 1725
1239, 1038
1239, 1704
1240, 1164
1240, 1432
1241, 1161
1241, 1555
1242, 1704
1242, 1431
1243, 1519
1243, 1531
1244, 1647
1244, 1343
1245, 1453
1245, 1410
1246, 1531
1246, 1555
1247, 1019
1247, 1640
1248, 1240
1248, 1157
1249, 1647
1249, 1410
